N = 769, NC = 9
cid.sizes = 770
e[1] = 512.000000, a[1] = 3466.000000
e[2] = 404.000000, a[2] = 1682.000000
e[3] = 1770.000000, a[3] = 3776.000000
e[4] = 778.000000, a[4] = 2347.000000
e[5] = 1990.000000, a[5] = 4092.000000
e[6] = 2984.000000, a[6] = 5426.000000
e[7] = 1782.000000, a[7] = 3934.000000
e[8] = 1642.000000, a[8] = 3488.000000
e[9] = 2086.000000, a[9] = 4336.000000
0.304047
1
